4294967278,344
4294967279,436
4294967278,436
4294967279,227
4294967279,479
4294967279,225
4294967279,223
4294967279,91
4294967279,459
4294967278,401
4294967278,301
4294967278,434
4294967279,426
4294967279,85
4294967278,400
4294967278,397
4294967279,456
4294967278,435
4294967279,469
4294967278,433
4294967279,435
4294967278,365
4294967278,382
4294967279,307
4294967279,221
4294967279,395
4294967278,432
4294967279,219
4294967279,246
4294967278,332
4294967279,391
4294967279,433
4294967278,419
4294967279,509
4294967278,431
4294967278,364
4294967278,396
4294967279,317
4294967279,217
4294967278,430
4294967278,288
4294967279,464
4294967278,441
4294967279,463
4294967279,257
4294967278,287
4294967279,251
4294967279,387
4294967278,402
4294967279,460
4294967279,289
4294967279,499
4294967278,44
4294967278,42
4294967279,475
4294967278,285
4294967279,432
4294967279,434
4294967279,313
4294967278,393
4294967278,438
4294967279,312
4294967278,423
4294967278,35
4294967278,31
4294967278,308
4294967278,360
4294967279,172
4294967278,388
4294967278,221
4294967278,300
4294967278,395
4294967278,394
4294967278,59
4294967278,277
4294967278,381
4294967278,47
4294967278,398
4294967278,41
4294967278,37
4294967278,273
4294967278,34
4294967278,32
4294967278,351
4294967278,28
4294967278,27
4294967278,25
4294967278,23
4294967278,378
4294967278,22
4294967278,386
4294967278,15
4294967278,399
4294967278,13
4294967278,12
4294967278,446
4294967278,10
4294967278,9
4294967278,311
4294967278,8
4294967278,358
4294967278,7
4294967278,6
4294967279,487
4294967279,132
4294967279,427
4294967279,131
4294967279,124
4294967279,122
4294967279,454
4294967279,121
4294967279,494
4294967279,120
4294967279,118
4294967279,116
4294967279,115
4294967279,485
4294967279,110
4294967279,109
4294967279,107
4294967279,105
4294967279,97
4294967279,502
4294967279,95
4294967279,94
4294967279,92
4294967279,90
4294967279,87
4294967279,84
4294967279,76
4294967279,74
4294967279,72
4294967279,70
4294967279,68
4294967279,67
4294967279,65
4294967279,174
4294967279,2
4294967279,88
4294967279,63
4294967279,497
4294967279,52
4294967279,51
4294967279,48
4294967279,46
4294967279,41
4294967279,36
4294967279,458
4294967279,29
4294967279,21
4294967279,16
4294967279,11
4294967278,392
4294967278,52
4294967278,373
4294967278,429
4294967278,160
1302,9
1302,8
4294967278,156
4294967279,156
4294967278,155
4294967279,155
4294967278,148
4294967279,142
4294967278,271
4294967278,270
4294967279,270
4294967278,266
4294967279,269
4294967279,287
4294967278,257
4294967278,328
4294967279,430
4294967279,402
4294967278,248
1282,6
1282,5
4294967279,228
4294967278,226
4294967279,226
4294967279,224
4294967279,222
4294967279,216
4294967279,280
4294967279,214
4294967279,212
4294967279,211
4294967279,210
4294967279,207
4294967279,206
4294967279,205
4294967279,204
4294967279,200
4294967279,199
4294967279,198
4294967279,194
4294967279,192
4294967278,190
4294967278,188
4294967279,189
4294967278,187
4294967279,188
4294967278,186
4294967279,186
4294967278,184
4294967279,185
4294967278,183
4294967279,184
4294967278,182
4294967279,183
4294967278,181
4294967279,179
4294967278,176
4294967279,177
4294967278,175
4294967278,173
4294967279,175
4294967279,173
4294967279,59
4294967279,496
4294967279,467
4294967278,169
4294967278,428
4294967278,57
4294967279,57
4294967279,471
4294967278,55
4294967279,168
4294967279,167
4294967278,53
4294967279,294
4294967279,165
4294967278,163
4294967279,162
1308,5
1308,4
1308,3
1308,2
1308,1
4294967278,161
4294967279,161
4294967278,159
4294967278,158
4294967278,345
4294967278,157
4294967279,44
4294967279,492
4294967279,43
4294967279,285
4294967278,154
4294967278,427
4294967279,153
4294967294,413
4294967294,407
4294967294,1244
4294967294,425
4294967294,403
4294967294,420
4294967294,384
4294967294,1078
4294967294,411
4294967294,168
4294967294,113
4294967294,410
4294967294,180
4294967294,386
4294967279,282
4294967278,275
4294967278,426
4294967278,40
4294967279,40
4294967279,428
4294967278,151
4294967279,151
4294967278,274
4294967279,38
4294967279,293
4294967279,296
4294967278,36
4294967278,289
1306,7
4294967278,147
1306,6
4294967279,147
1306,5
4294967278,146
1306,4
4294967279,146
1306,3
1306,2
1306,1
4294967278,145
4294967279,394
4294967278,245
4294967279,278
4294967278,30
4294967278,290
4294967279,215
4294967278,141
4294967279,141
4294967278,140
4294967279,140
4294967278,139
4294967278,26
4294967278,256
4294967279,26
4294967279,431
4294967279,392
4294967279,157
4294967278,24
4294967278,133
4294967279,136
4294967278,135
4294967279,135
4294967278,134
4294967279,133
4294967278,20
4294967278,377
4294967294,393
4294967278,447
4294967279,273
4294967278,269
4294967279,17
4294967279,272
4294967278,16
4294967278,268
4294967278,282
4294967279,15
4294967278,265
4294967279,457
4294967278,263
4294967278,280
4294967278,264
4294967279,266
4294967278,278
4294967279,264
4294967278,258
4294967278,425
4294967279,440
4294967279,390
4294967294,1427
4294967279,389
4294967279,388
4294967278,349
4294967279,138
4294967279,129
4294967278,322
1302,7
1302,6
1302,5
1302,4
4294967278,254
1302,3
1302,2
1302,1
4294967278,414
4294967278,241
4294967278,231
4294967278,232
4294967278,424
1300,6
4294967278,230
1300,5
4294967278,224
1300,4
1300,3
1300,2
1300,1
4294967278,410
1299,4
1299,3
1299,2
1299,1
4294967278,214
4294967278,213
4294967278,422
1298,6
4294967279,503
4294967294,1248
4294967294,1069
4294967294,422
4294967294,1159
4294967294,1066
4294967294,182
4294967294,190
4294967278,421
4294967279,422
4294967278,208
4294967278,207
4294967278,206
1298,5
4294967278,202
1298,4
1298,3
1298,2
1298,1
4294967278,363
4294967294,509
4294967294,392
4294967294,390
4294967294,389
4294967278,374
4294967279,462
4294967278,312
4294967279,81
4294967279,297
4294967278,362
4294967279,79
4294967279,421
4294967278,286
4294967279,314
4294967278,185
4294967278,309
4294967279,187
4294967278,284
4294967279,474
4294967278,297
4294967278,389
4294967278,180
4294967279,181
4294967278,179
4294967279,178
4294967279,180
4294967278,178
4294967278,177
4294967278,51
4294967294,387
4294967278,61
4294967278,293
4294967279,61
4294967279,239
4294967278,60
4294967278,172
4294967279,305
4294967278,58
4294967279,58
